6	6	1	6
15	15	1	15
20	20	1	20
16	16	1	16
52	52	2	21
63	64	3	4
60	61	3	1
66	67	3	7
61	62	3	2
56	56	2	25
67	68	3	8
57	57	2	26
62	63	3	3
53	53	2	22
\N	60	2	29
93	94	4	3
163	164	6	12
90	91	3	31
91	92	4	1
64	65	3	5
95	96	4	5
65	66	3	6
312	313	11	8
8	8	1	8
339	340	12	5
17	17	1	17
10	10	1	10
58	58	2	27
36	36	2	5
351	352	12	17
14	14	1	14
359	360	12	25
37	37	2	6
307	308	11	3
18	18	1	18
4	4	1	4
54	54	2	23
19	19	1	19
185	186	7	4
97	98	4	7
51	51	2	20
59	59	2	28
55	55	2	24
180	181	6	29
192	193	7	11
183	184	7	2
187	188	7	6
189	190	7	8
195	196	7	14
3	3	1	3
9	9	1	9
38	38	2	7
31	31	1	31
76	77	3	17
34	34	2	3
75	76	3	16
43	43	2	12
35	35	2	4
40	40	2	9
13	13	1	13
47	47	2	16
5	5	1	5
39	39	2	8
49	49	2	18
50	50	2	19
73	74	3	14
48	48	2	17
45	45	2	14
74	75	3	15
44	44	2	13
41	41	2	10
46	46	2	15
42	42	2	11
77	78	3	18
276	277	10	3
126	127	5	6
120	121	4	30
102	103	4	12
130	131	5	10
78	79	3	19
79	80	3	20
80	81	3	21
139	140	5	19
143	144	5	23
170	171	6	19
158	159	6	7
150	151	5	30
172	173	6	21
360	361	12	26
174	175	6	23
223	224	8	11
225	226	8	13
33	33	2	2
176	177	6	25
313	314	11	9
7	7	1	7
340	341	12	6
1	1	1	1
178	179	6	27
29	29	1	29
352	353	12	18
277	278	10	4
214	215	8	2
295	296	10	22
2	2	1	2
23	23	1	23
87	88	3	28
68	69	3	9
85	86	3	26
30	30	1	30
69	70	3	10
26	26	1	26
32	32	2	1
27	27	1	27
24	24	1	24
70	71	3	11
25	25	1	25
219	220	8	7
212	213	7	31
146	147	5	26
161	162	6	10
324	325	11	20
328	329	11	24
21	21	1	21
344	345	12	10
345	346	12	11
28	28	1	28
22	22	1	22
320	321	11	16
278	279	10	5
341	342	12	7
314	315	11	10
321	322	11	17
325	326	11	21
319	320	11	15
11	11	1	11
322	323	11	18
342	343	12	8
323	324	11	19
83	84	3	24
326	327	11	22
12	12	1	12
327	328	11	23
343	344	12	9
71	72	3	12
72	73	3	13
159	160	6	8
268	269	9	25
269	270	9	26
84	85	3	25
92	93	4	2
86	87	3	27
168	169	6	17
88	89	3	29
89	90	3	30
94	95	4	4
166	167	6	15
221	222	8	9
197	198	7	16
217	218	8	5
191	192	7	10
200	201	7	19
202	203	7	21
204	205	7	23
304	305	10	31
315	316	11	11
206	207	7	25
346	347	12	12
353	354	12	19
208	209	7	27
361	362	12	27
210	211	7	29
305	306	11	1
316	317	11	12
347	348	12	13
354	355	12	20
362	363	12	28
333	334	11	29
334	335	11	30
335	336	12	1
292	293	10	19
279	280	10	6
293	294	10	20
280	281	10	7
294	295	10	21
281	282	10	8
81	82	3	22
282	283	10	9
82	83	3	23
283	284	10	10
296	297	10	23
284	285	10	11
285	286	10	12
297	298	10	24
298	299	10	25
299	300	10	26
300	301	10	27
301	302	10	28
302	303	10	29
303	304	10	30
306	307	11	2
286	287	10	13
317	318	11	13
287	288	10	14
288	289	10	15
289	290	10	16
329	330	11	25
290	291	10	17
291	292	10	18
330	331	11	26
331	332	11	27
332	333	11	28
96	97	4	6
117	118	4	27
258	259	9	15
257	258	9	14
99	100	4	9
254	255	9	11
255	256	9	12
256	257	9	13
272	273	9	29
270	271	9	27
271	272	9	28
144	145	5	24
101	102	4	11
119	120	4	29
103	104	4	13
121	122	5	1
104	105	4	14
105	106	4	15
149	150	5	29
108	109	4	18
123	124	5	3
110	111	4	20
125	126	5	5
112	113	4	22
113	114	4	23
151	152	5	31
127	128	5	7
129	130	5	9
153	154	6	2
131	132	5	11
155	156	6	4
133	134	5	13
134	135	5	14
138	139	5	18
157	158	6	6
142	143	5	22
260	261	9	17
259	260	9	16
215	216	8	3
140	141	5	20
216	217	8	4
193	194	7	12
194	195	7	13
218	219	8	6
196	197	7	15
308	309	11	4
318	319	11	14
220	221	8	8
348	349	12	14
198	199	7	17
355	356	12	21
199	200	7	18
363	364	12	29
98	99	4	8
201	202	7	20
100	101	4	10
222	223	8	10
203	204	7	22
106	107	4	16
107	108	4	17
109	110	4	19
205	206	7	24
111	112	4	21
224	225	8	12
114	115	4	24
207	208	7	26
209	210	7	28
211	212	7	30
226	227	8	14
213	214	8	1
228	229	8	16
229	230	8	17
230	231	8	18
231	232	8	19
232	233	8	20
233	234	8	21
234	235	8	22
235	236	8	23
236	237	8	24
237	238	8	25
238	239	8	26
239	240	8	27
240	241	8	28
261	262	9	18
273	274	9	30
309	310	11	5
310	311	11	6
336	337	12	2
337	338	12	3
349	350	12	15
356	357	12	22
358	359	12	24
364	365	12	30
181	182	6	30
182	183	7	1
184	185	7	3
186	187	7	5
188	189	7	7
152	153	6	1
115	116	4	25
116	117	4	26
118	119	4	28
154	155	6	3
122	123	5	2
190	191	7	9
311	312	11	7
124	125	5	4
338	339	12	4
156	157	6	5
350	351	12	16
128	129	5	8
357	358	12	23
365	366	12	31
160	161	6	9
132	133	5	12
162	163	6	11
135	136	5	15
136	137	5	16
137	138	5	17
141	142	5	21
164	165	6	13
165	166	6	14
167	168	6	16
169	170	6	18
171	172	6	20
173	174	6	22
175	176	6	24
177	178	6	26
145	146	5	25
179	180	6	28
147	148	5	27
148	149	5	28
227	228	8	15
241	242	8	29
242	243	8	30
243	244	8	31
244	245	9	1
245	246	9	2
246	247	9	3
247	248	9	4
248	249	9	5
249	250	9	6
250	251	9	7
251	252	9	8
252	253	9	9
253	254	9	10
262	263	9	19
263	264	9	20
264	265	9	21
265	266	9	22
266	267	9	23
267	268	9	24
275	276	10	2
274	275	10	1
